4723
   0.3947,    0.9177,   -0.0445
  -0.4188,    0.2229,    0.8803
   0.8175,   -0.3279,    0.4735
   0.3942,    0.9179,   -0.0450
  -0.4199,    0.2235,    0.8796
   0.8158,   -0.3297,    0.4751
   0.3974,    0.9165,   -0.0464
  -0.4201,    0.2266,    0.8787
   0.8157,   -0.3309,    0.4744
   0.4001,    0.9151,   -0.0496
  -0.4178,    0.2303,    0.8789
   0.8178,   -0.3277,    0.4731
   0.3977,    0.9160,   -0.0529
  -0.4160,    0.2315,    0.8794
   0.8178,   -0.3295,    0.4719
   0.3986,    0.9157,   -0.0514
  -0.4152,    0.2301,    0.8801
   0.8171,   -0.3321,    0.4713
   0.4002,    0.9151,   -0.0490
  -0.4150,    0.2287,    0.8806
   0.8143,   -0.3352,    0.4739
   0.4020,    0.9146,   -0.0438
  -0.4187,    0.2261,    0.8795
   0.8116,   -0.3378,    0.4766
   0.4042,    0.9138,   -0.0406
  -0.4218,    0.2256,    0.8782
   0.8124,   -0.3372,    0.4757
   0.4034,    0.9141,   -0.0410
  -0.4210,    0.2252,    0.8787
   0.8151,   -0.3406,    0.4686
   0.4059,    0.9129,   -0.0425
  -0.4133,    0.2249,    0.8824
   0.8147,   -0.3397,    0.4700
   0.4073,    0.9121,   -0.0467
  -0.4128,    0.2295,    0.8814
   0.8157,   -0.3375,    0.4699
   0.4069,    0.9120,   -0.0514
  -0.4112,    0.2331,    0.8812
   0.8146,   -0.3361,    0.4727
   0.4066,    0.9121,   -0.0520
  -0.4137,    0.2345,    0.8797
   0.8156,   -0.3353,    0.4715
   0.4053,    0.9127,   -0.0519
  -0.4129,    0.2334,    0.8803
   0.8148,   -0.3371,    0.4718
   0.4050,    0.9131,   -0.0471
  -0.4149,    0.2295,    0.8805
   0.8125,   -0.3371,    0.4757
   0.4042,    0.9137,   -0.0428
  -0.4202,    0.2270,    0.8786
   0.8113,   -0.3346,    0.4794
   0.4029,    0.9142,   -0.0438
  -0.4237,    0.2287,    0.8765
   0.8131,   -0.3327,    0.4776
   0.4013,    0.9148,   -0.0461
  -0.4216,    0.2292,    0.8773
   0.8137,   -0.3335,    0.4762
   0.4020,    0.9144,   -0.0466
  -0.4199,    0.2294,    0.8781
   0.8150,   -0.3320,    0.4749
   0.4018,    0.9143,   -0.0504
  -0.4175,    0.2319,    0.8786
   0.8142,   -0.3335,    0.4752
   0.4037,    0.9135,   -0.0507
  -0.4172,    0.2331,    0.8784
   0.8145,   -0.3311,    0.4764
   0.4012,    0.9146,   -0.0502
  -0.4191,    0.2320,    0.8778
   0.8145,   -0.3319,    0.4758
   0.4005,    0.9151,   -0.0474
  -0.4197,    0.2292,    0.8783
   0.8158,   -0.3335,    0.4726
   0.4004,    0.9152,   -0.0453
  -0.4174,    0.2262,    0.8801
   0.8160,   -0.3319,    0.4732
   0.3993,    0.9157,   -0.0463
  -0.4180,    0.2267,    0.8797
   0.8144,   -0.3322,    0.4759
   0.3999,    0.9154,   -0.0453
  -0.4206,    0.2272,    0.8783
   0.8143,   -0.3310,    0.4768
   0.3997,    0.9154,   -0.0472
  -0.4208,    0.2290,    0.8777
   0.8123,   -0.3334,    0.4785
   0.4027,    0.9141,   -0.0468
  -0.4218,    0.2308,    0.8768
   0.8132,   -0.3317,    0.4782
   0.4015,    0.9146,   -0.0485
  -0.4212,    0.2314,    0.8769
   0.8111,   -0.3315,    0.4819
   0.4023,    0.9143,   -0.0481
  -0.4246,    0.2329,    0.8749
   0.8142,   -0.3322,    0.4761
   0.4019,    0.9143,   -0.0494
  -0.4189,    0.2315,    0.8780
   0.8131,   -0.3312,    0.4787
   0.4008,    0.9149,   -0.0477
  -0.4221,    0.2307,    0.8767
   0.8121,   -0.3338,    0.4786
   0.4031,    0.9140,   -0.0465
  -0.4220,    0.2306,    0.8768
   0.8113,   -0.3354,    0.4788
   0.4046,    0.9134,   -0.0457
  -0.4220,    0.2308,    0.8767
   0.8111,   -0.3349,    0.4796
   0.4041,    0.9136,   -0.0455
  -0.4230,    0.2307,    0.8763
   0.8096,   -0.3357,    0.4816
   0.4058,    0.9128,   -0.0459
  -0.4241,    0.2326,    0.8752
   0.8138,   -0.3345,    0.4752
   0.4040,    0.9135,   -0.0488
  -0.4177,    0.2317,    0.8785
   0.8144,   -0.3340,    0.4745
   0.4034,    0.9137,   -0.0493
  -0.4171,    0.2316,    0.8789
   0.8152,   -0.3302,    0.4757
   0.4003,    0.9150,   -0.0508
  -0.4185,    0.2319,    0.8781
   0.8159,   -0.3289,    0.4756
   0.3994,    0.9153,   -0.0521
  -0.4182,    0.2325,    0.8781
   0.8147,   -0.3272,    0.4787
   0.3968,    0.9166,   -0.0488
  -0.4228,    0.2297,    0.8766
   0.8154,   -0.3296,    0.4758
   0.3980,    0.9161,   -0.0475
  -0.4203,    0.2281,    0.8782
   0.8142,   -0.3266,    0.4801
   0.3957,    0.9172,   -0.0472
  -0.4249,    0.2284,    0.8760
   0.8165,   -0.3261,    0.4764
   0.3944,    0.9177,   -0.0478
  -0.4216,    0.2269,    0.8779
   0.8180,   -0.3262,    0.4739
   0.3940,    0.9178,   -0.0484
  -0.4192,    0.2263,    0.8793
   0.8174,   -0.3264,    0.4747
   0.3942,    0.9178,   -0.0478
  -0.4201,    0.2262,    0.8789
   0.8162,   -0.3281,    0.4756
   0.3961,    0.9170,   -0.0472
  -0.4206,    0.2269,    0.8784
   0.8165,   -0.3275,    0.4755
   0.3951,    0.9174,   -0.0465
  -0.4210,    0.2259,    0.8785
   0.8153,   -0.3275,    0.4774
   0.3955,    0.9173,   -0.0460
  -0.4229,    0.2263,    0.8775
   0.8164,   -0.3270,    0.4761
   0.3939,    0.9181,   -0.0448
  -0.4224,    0.2241,    0.8783
   0.8147,   -0.3253,    0.4801
   0.3928,    0.9186,   -0.0441
  -0.4266,    0.2244,    0.8761
   0.8145,   -0.3268,    0.4793
   0.3944,    0.9179,   -0.0444
  -0.4254,    0.2252,    0.8765
   0.8165,   -0.3268,    0.4759
   0.3940,    0.9180,   -0.0455
  -0.4220,    0.2246,    0.8783
   0.8154,   -0.3273,    0.4775
   0.3953,    0.9174,   -0.0462
  -0.4229,    0.2264,    0.8774
   0.8144,   -0.3301,    0.4773
   0.3980,    0.9163,   -0.0453
  -0.4224,    0.2269,    0.8776
   0.8137,   -0.3323,    0.4769
   0.4008,    0.9150,   -0.0462
  -0.4210,    0.2287,    0.8778
   0.8140,   -0.3324,    0.4763
   0.4000,    0.9154,   -0.0447
  -0.4211,    0.2269,    0.8782
   0.8146,   -0.3324,    0.4753
   0.3993,    0.9157,   -0.0441
  -0.4206,    0.2257,    0.8787
   0.8147,   -0.3296,    0.4771
   0.3971,    0.9167,   -0.0448
  -0.4226,    0.2260,    0.8777
   0.8142,   -0.3294,    0.4781
   0.3968,    0.9169,   -0.0440
  -0.4238,    0.2255,    0.8772
   0.8144,   -0.3288,    0.4782
   0.3964,    0.9170,   -0.0447
  -0.4238,    0.2259,    0.8771
   0.8143,   -0.3312,    0.4766
   0.3986,    0.9160,   -0.0445
  -0.4219,    0.2262,    0.8780
   0.8136,   -0.3317,    0.4775
   0.3996,    0.9156,   -0.0448
  -0.4224,    0.2273,    0.8775
   0.8159,   -0.3314,    0.4738
   0.3986,    0.9160,   -0.0457
  -0.4189,    0.2262,    0.8794
   0.8162,   -0.3269,    0.4764
   0.3950,    0.9175,   -0.0471
  -0.4217,    0.2266,    0.8780
   0.8139,   -0.3271,    0.4802
   0.3954,    0.9174,   -0.0453
  -0.4257,    0.2267,    0.8760
   0.8139,   -0.3272,    0.4802
   0.3959,    0.9171,   -0.0461
  -0.4253,    0.2277,    0.8760
   0.8127,   -0.3268,    0.4825
   0.3962,    0.9170,   -0.0462
  -0.4274,    0.2287,    0.8747
   0.8113,   -0.3284,    0.4837
   0.3982,    0.9161,   -0.0460
  -0.4281,    0.2299,    0.8740
   0.8095,   -0.3279,    0.4870
   0.3988,    0.9159,   -0.0463
  -0.4309,    0.2316,    0.8722
   0.8113,   -0.3262,    0.4852
   0.3971,    0.9165,   -0.0478
  -0.4292,    0.2314,    0.8731
   0.8117,   -0.3317,    0.4807
   0.4006,    0.9151,   -0.0451
  -0.4250,    0.2292,    0.8757
   0.8115,   -0.3329,    0.4802
   0.4020,    0.9145,   -0.0453
  -0.4241,    0.2298,    0.8760
   0.8106,   -0.3315,    0.4828
   0.4008,    0.9151,   -0.0447
  -0.4270,    0.2298,    0.8746
   0.8121,   -0.3290,    0.4818
   0.3987,    0.9159,   -0.0466
  -0.4260,    0.2299,    0.8750
   0.8134,   -0.3279,    0.4805
   0.3973,    0.9165,   -0.0471
  -0.4249,    0.2292,    0.8757
   0.8132,   -0.3293,    0.4798
   0.3985,    0.9160,   -0.0468
  -0.4241,    0.2292,    0.8761
   0.8126,   -0.3325,    0.4787
   0.4015,    0.9147,   -0.0463
  -0.4225,    0.2298,    0.8767
   0.8130,   -0.3348,    0.4763
   0.4031,    0.9140,   -0.0456
  -0.4201,    0.2290,    0.8781
   0.8135,   -0.3347,    0.4756
   0.4032,    0.9139,   -0.0466
  -0.4191,    0.2297,    0.8784
   0.8124,   -0.3327,    0.4789
   0.4022,    0.9144,   -0.0470
  -0.4222,    0.2308,    0.8766
   0.8138,   -0.3322,    0.4769
   0.4012,    0.9148,   -0.0473
  -0.4205,    0.2299,    0.8777
   0.8150,   -0.3330,    0.4743
   0.4015,    0.9146,   -0.0477
  -0.4179,    0.2292,    0.8791
   0.8155,   -0.3316,    0.4744
   0.4000,    0.9152,   -0.0480
  -0.4182,    0.2289,    0.8790
   0.8123,   -0.3343,    0.4779
   0.4033,    0.9139,   -0.0461
  -0.4214,    0.2301,    0.8772
   0.8110,   -0.3355,    0.4793
   0.4048,    0.9133,   -0.0456
  -0.4224,    0.2310,    0.8765
   0.8090,   -0.3372,    0.4814
   0.4075,    0.9121,   -0.0459
  -0.4236,    0.2333,    0.8753
   0.8087,   -0.3359,    0.4828
   0.4063,    0.9126,   -0.0458
  -0.4252,    0.2332,    0.8745
   0.8088,   -0.3337,    0.4843
   0.4049,    0.9131,   -0.0471
  -0.4265,    0.2342,    0.8736
   0.8073,   -0.3353,    0.4855
   0.4065,    0.9125,   -0.0458
  -0.4277,    0.2344,    0.8730
   0.8100,   -0.3331,    0.4827
   0.4043,    0.9134,   -0.0481
  -0.4249,    0.2341,    0.8745
   0.8099,   -0.3308,    0.4844
   0.4029,    0.9139,   -0.0493
  -0.4264,    0.2351,    0.8734
   0.8091,   -0.3321,    0.4849
   0.4040,    0.9135,   -0.0486
  -0.4268,    0.2353,    0.8732
   0.8105,   -0.3340,    0.4812
   0.4043,    0.9134,   -0.0471
  -0.4237,    0.2328,    0.8754
   0.8116,   -0.3353,    0.4785
   0.4048,    0.9132,   -0.0466
  -0.4213,    0.2315,    0.8769
   0.8127,   -0.3341,    0.4775
   0.4034,    0.9138,   -0.0472
  -0.4206,    0.2310,    0.8774
   0.8120,   -0.3341,    0.4786
   0.4039,    0.9136,   -0.0474
  -0.4214,    0.2318,    0.8768
   0.8101,   -0.3350,    0.4812
   0.4053,    0.9130,   -0.0468
  -0.4236,    0.2329,    0.8754
   0.8107,   -0.3360,    0.4795
   0.4056,    0.9129,   -0.0459
  -0.4223,    0.2317,    0.8764
   0.8090,   -0.3338,    0.4839
   0.4046,    0.9133,   -0.0463
  -0.4265,    0.2333,    0.8739
   0.8080,   -0.3364,    0.4837
   0.4071,    0.9122,   -0.0457
  -0.4259,    0.2338,    0.8740
   0.8085,   -0.3357,    0.4834
   0.4068,    0.9123,   -0.0467
  -0.4254,    0.2344,    0.8741
   0.8088,   -0.3376,    0.4816
   0.4079,    0.9119,   -0.0458
  -0.4237,    0.2335,    0.8752
   0.8083,   -0.3398,    0.4808
   0.4096,    0.9112,   -0.0446
  -0.4229,    0.2330,    0.8757
   0.8091,   -0.3355,    0.4824
   0.4062,    0.9126,   -0.0465
  -0.4247,    0.2335,    0.8747
   0.8064,   -0.3351,    0.4872
   0.4071,    0.9122,   -0.0465
  -0.4289,    0.2358,    0.8720
   0.8072,   -0.3324,    0.4878
   0.4048,    0.9132,   -0.0478
  -0.4295,    0.2360,    0.8717
   0.8098,   -0.3289,    0.4859
   0.4011,    0.9147,   -0.0494
  -0.4282,    0.2350,    0.8726
   0.8103,   -0.3315,    0.4832
   0.4027,    0.9141,   -0.0481
  -0.4257,    0.2336,    0.8742
   0.8085,   -0.3313,    0.4864
   0.4034,    0.9137,   -0.0482
  -0.4285,    0.2352,    0.8724
   0.8096,   -0.3307,    0.4849
   0.4031,    0.9138,   -0.0497
  -0.4267,    0.2357,    0.8732
   0.8090,   -0.3292,    0.4869
   0.4024,    0.9140,   -0.0507
  -0.4284,    0.2369,    0.8720
   0.8096,   -0.3293,    0.4860
   0.4018,    0.9143,   -0.0499
  -0.4279,    0.2357,    0.8725
   0.8109,   -0.3269,    0.4854
   0.3995,    0.9153,   -0.0511
  -0.4275,    0.2353,    0.8728
   0.8116,   -0.3257,    0.4850
   0.3977,    0.9161,   -0.0503
  -0.4279,    0.2337,    0.8731
   0.8102,   -0.3263,    0.4870
   0.3980,    0.9161,   -0.0483
  -0.4304,    0.2329,    0.8721
   0.8132,   -0.3260,    0.4822
   0.3967,    0.9166,   -0.0493
  -0.4259,    0.2313,    0.8747
   0.8140,   -0.3241,    0.4820
   0.3954,    0.9171,   -0.0510
  -0.4255,    0.2321,    0.8747
   0.8154,   -0.3180,    0.4838
   0.3913,    0.9186,   -0.0557
  -0.4267,    0.2347,    0.8734
   0.8193,   -0.3123,    0.4809
   0.3835,    0.9219,   -0.0546
  -0.4263,    0.2292,    0.8751
   0.8230,   -0.3064,    0.4783
   0.3731,    0.9265,   -0.0484
  -0.4283,    0.2182,    0.8769
   0.8249,   -0.2926,    0.4836
   0.3547,    0.9341,   -0.0399
  -0.4401,    0.2044,    0.8744
   0.8305,   -0.2726,    0.4857
   0.3301,    0.9433,   -0.0350
  -0.4486,    0.1894,    0.8734
   0.8380,   -0.2502,    0.4849
   0.3042,    0.9520,   -0.0346
  -0.4530,    0.1766,    0.8739
   0.8466,   -0.2252,    0.4823
   0.2780,    0.9598,   -0.0397
  -0.4539,    0.1677,    0.8751
   0.8556,   -0.1961,    0.4791
   0.2473,    0.9679,   -0.0455
  -0.4548,    0.1574,    0.8766
   0.8643,   -0.1650,    0.4751
   0.2144,    0.9754,   -0.0514
  -0.4549,    0.1463,    0.8784
   0.8684,   -0.1305,    0.4784
   0.1793,    0.9821,   -0.0576
  -0.4624,    0.1358,    0.8762
   0.8742,   -0.1008,    0.4749
   0.1481,    0.9870,   -0.0632
  -0.4624,    0.1256,    0.8777
   0.8771,   -0.0712,    0.4750
   0.1126,    0.9919,   -0.0593
  -0.4669,    0.1055,    0.8780
   0.8769,   -0.0390,    0.4791
   0.0749,    0.9956,   -0.0562
  -0.4748,    0.0851,    0.8760
   0.8826,   -0.0122,    0.4700
   0.0416,    0.9978,   -0.0520
  -0.4683,    0.0655,    0.8811
   0.8845,    0.0130,    0.4664
   0.0134,    0.9985,   -0.0533
  -0.4664,    0.0534,    0.8830
   0.8861,    0.0404,    0.4618
  -0.0158,    0.9982,   -0.0571
  -0.4633,    0.0433,    0.8852
   0.8860,    0.0663,    0.4590
  -0.0441,    0.9973,   -0.0590
  -0.4617,    0.0321,    0.8865
   0.8812,    0.0941,    0.4633
  -0.0757,    0.9954,   -0.0582
  -0.4667,    0.0162,    0.8843
   0.8811,    0.1287,    0.4552
  -0.1135,    0.9917,   -0.0607
  -0.4592,    0.0018,    0.8883
   0.8747,    0.1585,    0.4580
  -0.1497,    0.9872,   -0.0558
  -0.4610,   -0.0197,    0.8872
   0.8692,    0.1902,    0.4565
  -0.1850,    0.9811,   -0.0565
  -0.4586,   -0.0354,    0.8879
   0.8638,    0.2285,    0.4491
  -0.2257,    0.9723,   -0.0606
  -0.4506,   -0.0491,    0.8914
   0.8529,    0.2616,    0.4518
  -0.2602,    0.9633,   -0.0666
  -0.4526,   -0.0607,    0.8897
   0.8382,    0.2938,    0.4595
  -0.2955,    0.9528,   -0.0701
  -0.4584,   -0.0771,    0.8854
   0.8286,    0.3222,    0.4579
  -0.3291,    0.9419,   -0.0673
  -0.4530,   -0.0949,    0.8864
   0.8131,    0.3595,    0.4579
  -0.3744,    0.9252,   -0.0615
  -0.4458,   -0.1214,    0.8869
   0.7878,    0.3956,    0.4720
  -0.4199,    0.9057,   -0.0583
  -0.4505,   -0.1523,    0.8797
   0.7667,    0.4319,    0.4750
  -0.4591,    0.8860,   -0.0647
  -0.4488,   -0.1685,    0.8776
   0.7475,    0.4731,    0.4663
  -0.5021,    0.8620,   -0.0696
  -0.4349,   -0.1821,    0.8819
   0.7302,    0.5155,    0.4484
  -0.5476,    0.8340,   -0.0671
  -0.4086,   -0.1965,    0.8913
   0.7108,    0.5585,    0.4276
  -0.5935,    0.8024,   -0.0615
  -0.3774,   -0.2101,    0.9019
   0.6841,    0.5992,    0.4159
  -0.6360,    0.7692,   -0.0618
  -0.3570,   -0.2223,    0.9073
   0.6530,    0.6341,    0.4140
  -0.6747,    0.7355,   -0.0624
  -0.3440,   -0.2386,    0.9081
   0.6120,    0.6709,    0.4188
  -0.7157,    0.6951,   -0.0677
  -0.3366,   -0.2583,    0.9055
   0.5774,    0.7039,    0.4137
  -0.7498,    0.6577,   -0.0724
  -0.3231,   -0.2684,    0.9075
   0.5329,    0.7306,    0.4268
  -0.7887,    0.6116,   -0.0622
  -0.3065,   -0.3035,    0.9022
   0.4960,    0.7595,    0.4209
  -0.8198,    0.5694,   -0.0614
  -0.2863,   -0.3146,    0.9050
   0.4615,    0.7802,    0.4224
  -0.8482,    0.5275,   -0.0476
  -0.2599,   -0.3363,    0.9052
   0.4257,    0.8022,    0.4187
  -0.8691,    0.4912,   -0.0575
  -0.2518,   -0.3394,    0.9063
   0.3961,    0.8193,    0.4146
  -0.8886,    0.4558,   -0.0518
  -0.2314,   -0.3479,    0.9085
   0.3672,    0.8328,    0.4143
  -0.9022,    0.4272,   -0.0591
  -0.2262,   -0.3521,    0.9082
   0.3436,    0.8459,    0.4079
  -0.9153,    0.3989,   -0.0562
  -0.2102,   -0.3540,    0.9113
   0.3187,    0.8566,    0.4057
  -0.9274,    0.3702,   -0.0530
  -0.1956,   -0.3594,    0.9124
   0.2886,    0.8709,    0.3977
  -0.9401,    0.3365,   -0.0546
  -0.1814,   -0.3582,    0.9159
   0.2566,    0.8828,    0.3934
  -0.9523,    0.3006,   -0.0532
  -0.1652,   -0.3610,    0.9178
   0.2212,    0.8905,    0.3975
  -0.9647,    0.2595,   -0.0446
  -0.1429,   -0.3736,    0.9165
   0.1911,    0.9003,    0.3910
  -0.9731,    0.2261,   -0.0450
  -0.1290,   -0.3719,    0.9193
   0.1583,    0.9074,    0.3893
  -0.9800,    0.1925,   -0.0504
  -0.1207,   -0.3735,    0.9197
   0.1268,    0.9101,    0.3945
  -0.9853,    0.1613,   -0.0555
  -0.1142,   -0.3816,    0.9172
   0.0973,    0.9125,    0.3973
  -0.9897,    0.1309,   -0.0584
  -0.1053,   -0.3875,    0.9158
   0.0665,    0.9152,    0.3975
  -0.9939,    0.0959,   -0.0543
  -0.0878,   -0.3915,    0.9160
   0.0347,    0.9229,    0.3834
  -0.9966,    0.0604,   -0.0552
  -0.0741,   -0.3802,    0.9219
   0.0031,    0.9255,    0.3786
  -0.9985,    0.0232,   -0.0486
  -0.0537,   -0.3779,    0.9243
  -0.0253,    0.9282,    0.3712
  -0.9989,   -0.0089,   -0.0459
  -0.0393,   -0.3720,    0.9274
  -0.0511,    0.9294,    0.3656
  -0.9983,   -0.0369,   -0.0459
  -0.0292,   -0.3673,    0.9297
  -0.0660,    0.9271,    0.3690
  -0.9976,   -0.0545,   -0.0416
  -0.0184,   -0.3708,    0.9285
  -0.0790,    0.9291,    0.3614
  -0.9968,   -0.0696,   -0.0391
  -0.0112,   -0.3633,    0.9316
  -0.0870,    0.9313,    0.3538
  -0.9962,   -0.0791,   -0.0367
  -0.0062,   -0.3556,    0.9346
  -0.0894,    0.9309,    0.3541
  -0.9960,   -0.0806,   -0.0396
  -0.0083,   -0.3562,    0.9344
  -0.0833,    0.9295,    0.3592
  -0.9965,   -0.0748,   -0.0375
  -0.0080,   -0.3611,    0.9325
  -0.0713,    0.9298,    0.3611
  -0.9974,   -0.0629,   -0.0350
  -0.0098,   -0.3626,    0.9319
  -0.0530,    0.9307,    0.3618
  -0.9984,   -0.0426,   -0.0365
  -0.0185,   -0.3632,    0.9315
  -0.0323,    0.9308,    0.3640
  -0.9992,   -0.0219,   -0.0328
  -0.0226,   -0.3648,    0.9308
  -0.0079,    0.9290,    0.3699
  -0.9996,    0.0020,   -0.0265
  -0.0254,   -0.3700,    0.9287
   0.0204,    0.9297,    0.3679
  -0.9991,    0.0326,   -0.0271
  -0.0372,   -0.3670,    0.9295
   0.0523,    0.9257,    0.3746
  -0.9968,    0.0708,   -0.0358
  -0.0596,   -0.3715,    0.9265
   0.0956,    0.9223,    0.3745
  -0.9913,    0.1222,   -0.0481
  -0.0901,   -0.3667,    0.9260
   0.1410,    0.9188,    0.3686
  -0.9831,    0.1737,   -0.0570
  -0.1164,   -0.3544,    0.9278
   0.1895,    0.9111,    0.3660
  -0.9738,    0.2222,   -0.0488
  -0.1258,   -0.3472,    0.9293
   0.2344,    0.9022,    0.3620
  -0.9608,    0.2716,   -0.0549
  -0.1479,   -0.3350,    0.9306
   0.2733,    0.8890,    0.3673
  -0.9474,    0.3149,   -0.0571
  -0.1664,   -0.3324,    0.9283
   0.3044,    0.8756,    0.3751
  -0.9347,    0.3504,   -0.0595
  -0.1835,   -0.3325,    0.9251
   0.3357,    0.8607,    0.3828
  -0.9195,    0.3877,   -0.0653
  -0.2046,   -0.3301,    0.9215
   0.3667,    0.8438,    0.3919
  -0.9031,    0.4240,   -0.0679
  -0.2235,   -0.3290,    0.9175
   0.3967,    0.8276,    0.3972
  -0.8843,    0.4606,   -0.0763
  -0.2461,   -0.3210,    0.9146
   0.4280,    0.8126,    0.3957
  -0.8650,    0.4952,   -0.0813
  -0.2620,   -0.3075,    0.9148
   0.4602,    0.7968,    0.3916
  -0.8449,    0.5286,   -0.0825
  -0.2727,   -0.2928,    0.9164
   0.4910,    0.7768,    0.3943
  -0.8244,    0.5606,   -0.0780
  -0.2817,   -0.2868,    0.9157
   0.5230,    0.7551,    0.3954
  -0.8034,    0.5916,   -0.0670
  -0.2845,   -0.2827,    0.9160
   0.5506,    0.7341,    0.3974
  -0.7846,    0.6176,   -0.0538
  -0.2849,   -0.2822,    0.9161
   0.5770,    0.7189,    0.3877
  -0.7636,    0.6432,   -0.0563
  -0.2898,   -0.2636,    0.9201
   0.5973,    0.6911,    0.4069
  -0.7383,    0.6720,   -0.0576
  -0.3133,   -0.2660,    0.9116
   0.6254,    0.6580,    0.4194
  -0.7026,    0.7087,   -0.0640
  -0.3393,   -0.2547,    0.9055
   0.6528,    0.6238,    0.4298
  -0.6626,    0.7452,   -0.0752
  -0.3672,   -0.2357,    0.8998
   0.6949,    0.5857,    0.4172
  -0.6203,    0.7817,   -0.0643
  -0.3638,   -0.2141,    0.9065
   0.7369,    0.5398,    0.4070
  -0.5622,    0.8236,   -0.0746
  -0.3755,   -0.1738,    0.9104
   0.7773,    0.4781,    0.4089
  -0.4947,    0.8661,   -0.0723
  -0.3886,   -0.1461,    0.9097
   0.8079,    0.4097,    0.4236
  -0.4209,    0.9043,   -0.0719
  -0.4125,   -0.1202,    0.9030
   0.8224,    0.3527,    0.4464
  -0.3578,    0.9307,   -0.0760
  -0.4423,   -0.0972,    0.8916
   0.8333,    0.3030,    0.4623
  -0.2991,    0.9505,   -0.0838
  -0.4648,   -0.0684,    0.8827
   0.8464,    0.2613,    0.4641
  -0.2517,    0.9642,   -0.0838
  -0.4693,   -0.0459,    0.8818
   0.8615,    0.2182,    0.4584
  -0.1979,    0.9758,   -0.0925
  -0.4675,   -0.0110,    0.8839
   0.8784,    0.1665,    0.4479
  -0.1389,    0.9858,   -0.0940
  -0.4572,    0.0204,    0.8891
   0.8923,    0.1109,    0.4376
  -0.0771,    0.9926,   -0.0942
  -0.4448,    0.0503,    0.8942
   0.8980,    0.0534,    0.4368
  -0.0149,    0.9957,   -0.0910
  -0.4398,    0.0752,    0.8950
   0.9011,   -0.0035,    0.4335
   0.0496,    0.9942,   -0.0949
  -0.4307,    0.1071,    0.8961
   0.8892,   -0.0571,    0.4539
   0.1079,    0.9904,   -0.0868
  -0.4445,    0.1261,    0.8868
   0.8718,   -0.0982,    0.4800
   0.1502,    0.9861,   -0.0710
  -0.4663,    0.1340,    0.8744
   0.8622,   -0.1382,    0.4874
   0.1996,    0.9769,   -0.0761
  -0.4656,    0.1629,    0.8699
   0.8579,   -0.1861,    0.4790
   0.2573,    0.9624,   -0.0868
  -0.4448,    0.1977,    0.8735
   0.8537,   -0.2341,    0.4653
   0.3051,    0.9487,   -0.0825
  -0.4221,    0.2124,    0.8813
   0.8422,   -0.2844,    0.4581
   0.3568,    0.9309,   -0.0782
  -0.4042,    0.2293,    0.8855
   0.8233,   -0.3247,    0.4655
   0.3990,    0.9144,   -0.0680
  -0.4036,    0.2417,    0.8824
   0.7988,   -0.3582,    0.4834
   0.4423,    0.8943,   -0.0683
  -0.4078,    0.2683,    0.8727
   0.7791,   -0.3935,    0.4880
   0.4803,    0.8750,   -0.0612
  -0.4029,    0.2821,    0.8707
   0.7503,   -0.4249,    0.5065
   0.5198,    0.8526,   -0.0548
  -0.4085,    0.3043,    0.8605
   0.7234,   -0.4520,    0.5220
   0.5539,    0.8312,   -0.0478
  -0.4123,    0.3237,    0.8516
   0.7079,   -0.4900,    0.5088
   0.6010,    0.7962,   -0.0694
  -0.3711,    0.3549,    0.8581
   0.6894,   -0.5230,    0.5012
   0.6322,    0.7722,   -0.0639
  -0.3536,    0.3609,    0.8630
   0.6721,   -0.5626,    0.4813
   0.6590,    0.7509,   -0.0424
  -0.3376,    0.3457,    0.8755
   0.6476,   -0.5918,    0.4800
   0.6866,    0.7264,   -0.0307
  -0.3305,    0.3494,    0.8767
   0.6265,   -0.6137,    0.4804
   0.7099,    0.7037,   -0.0269
  -0.3216,    0.3579,    0.8766
   0.6051,   -0.6297,    0.4871
   0.7311,    0.6817,   -0.0269
  -0.3151,    0.3725,    0.8729
   0.5978,   -0.6515,    0.4672
   0.7393,    0.6733,   -0.0071
  -0.3099,    0.3496,    0.8841
   0.5818,   -0.6573,    0.4789
   0.7587,    0.6508,   -0.0285
  -0.2929,    0.3800,    0.8774
   0.5590,   -0.6747,    0.4820
   0.7805,    0.6244,   -0.0312
  -0.2799,    0.3937,    0.8756
   0.5327,   -0.6931,    0.4856
   0.8037,    0.5941,   -0.0338
  -0.2651,    0.4083,    0.8735
   0.5124,   -0.7117,    0.4805
   0.8199,    0.5718,   -0.0273
  -0.2553,    0.4080,    0.8765
   0.4911,   -0.7188,    0.4921
   0.8379,    0.5442,   -0.0413
  -0.2381,    0.4327,    0.8695
   0.4720,   -0.7300,    0.4943
   0.8518,    0.5221,   -0.0424
  -0.2271,    0.4411,    0.8683
   0.4558,   -0.7358,    0.5009
   0.8604,    0.5083,   -0.0364
  -0.2278,    0.4476,    0.8647
   0.4440,   -0.7481,    0.4933
   0.8648,    0.5018,   -0.0175
  -0.2344,    0.4343,    0.8697
   0.4355,   -0.7583,    0.4851
   0.8691,    0.4946,   -0.0071
  -0.2345,    0.4247,    0.8744
   0.4205,   -0.7631,    0.4908
   0.8800,    0.4747,   -0.0159
  -0.2208,    0.4386,    0.8711
   0.4075,   -0.7760,    0.4815
   0.8921,    0.4510,   -0.0281
  -0.1954,    0.4410,    0.8760
   0.3921,   -0.7882,    0.4743
   0.9023,    0.4300,   -0.0314
  -0.1793,    0.4403,    0.8798
   0.3666,   -0.7970,    0.4800
   0.9133,    0.4067,   -0.0222
  -0.1776,    0.4465,    0.8770
   0.3463,   -0.8046,    0.4825
   0.9189,    0.3944,   -0.0019
  -0.1888,    0.4440,    0.8759
   0.3275,   -0.8098,    0.4868
   0.9249,    0.3801,    0.0100
  -0.1931,    0.4470,    0.8735
   0.3086,   -0.8108,    0.4975
   0.9321,    0.3619,    0.0116
  -0.1894,    0.4601,    0.8674
   0.2978,   -0.8119,    0.5022
   0.9382,    0.3462,    0.0034
  -0.1766,    0.4701,    0.8648
   0.2838,   -0.8172,    0.5016
   0.9455,    0.3256,   -0.0045
  -0.1596,    0.4756,    0.8651
   0.2650,   -0.8244,    0.5001
   0.9537,    0.3008,   -0.0096
  -0.1425,    0.4795,    0.8659
   0.2404,   -0.8334,    0.4976
   0.9620,    0.2728,   -0.0080
  -0.1291,    0.4807,    0.8674
   0.2221,   -0.8374,    0.4994
   0.9666,    0.2563,    0.0000
  -0.1280,    0.4827,    0.8664
   0.2090,   -0.8442,    0.4935
   0.9699,    0.2435,    0.0058
  -0.1251,    0.4775,    0.8697
   0.1974,   -0.8498,    0.4887
   0.9732,    0.2297,    0.0063
  -0.1176,    0.4744,    0.8724
   0.1857,   -0.8563,    0.4820
   0.9766,    0.2150,    0.0057
  -0.1085,    0.4696,    0.8762
   0.1722,   -0.8585,    0.4831
   0.9802,    0.1978,    0.0021
  -0.0974,    0.4732,    0.8756
   0.1623,   -0.8583,    0.4868
   0.9830,    0.1837,   -0.0037
  -0.0863,    0.4791,    0.8735
   0.1500,   -0.8606,    0.4868
   0.9847,    0.1741,    0.0044
  -0.0885,    0.4787,    0.8735
   0.1404,   -0.8599,    0.4907
   0.9861,    0.1659,    0.0086
  -0.0888,    0.4827,    0.8713
   0.1295,   -0.8622,    0.4898
   0.9879,    0.1547,    0.0111
  -0.0853,    0.4825,    0.8718
   0.1228,   -0.8635,    0.4891
   0.9893,    0.1458,    0.0090
  -0.0790,    0.4827,    0.8722
   0.1123,   -0.8655,    0.4881
   0.9913,    0.1315,    0.0050
  -0.0685,    0.4833,    0.8728
   0.1022,   -0.8678,    0.4863
   0.9928,    0.1199,    0.0053
  -0.0629,    0.4823,    0.8737
   0.0875,   -0.8692,    0.4867
   0.9939,    0.1088,    0.0157
  -0.0666,    0.4824,    0.8734
   0.0797,   -0.8704,    0.4859
   0.9942,    0.1047,    0.0244
  -0.0721,    0.4811,    0.8737
   0.0713,   -0.8725,    0.4834
   0.9948,    0.0977,    0.0296
  -0.0731,    0.4788,    0.8749
   0.0618,   -0.8712,    0.4871
   0.9959,    0.0861,    0.0278
  -0.0662,    0.4834,    0.8729
   0.0509,   -0.8704,    0.4897
   0.9971,    0.0723,    0.0249
  -0.0570,    0.4870,    0.8716
   0.0469,   -0.8718,    0.4876
   0.9975,    0.0664,    0.0229
  -0.0523,    0.4853,    0.8728
   0.0467,   -0.8725,    0.4863
   0.9977,    0.0650,    0.0208
  -0.0498,    0.4842,    0.8735
   0.0497,   -0.8728,    0.4856
   0.9975,    0.0674,    0.0191
  -0.0494,    0.4834,    0.8740
   0.0508,   -0.8722,    0.4865
   0.9975,    0.0687,    0.0189
  -0.0499,    0.4843,    0.8734
   0.0557,   -0.8781,    0.4752
   0.9949,    0.0889,    0.0476
  -0.0840,    0.4701,    0.8786
   0.0728,   -0.8812,    0.4671
   0.9920,    0.1125,    0.0577
  -0.1034,    0.4591,    0.8823
   0.1005,   -0.8741,    0.4753
   0.9905,    0.1328,    0.0347
  -0.0934,    0.4673,    0.8792
   0.1297,   -0.8690,    0.4775
   0.9877,    0.1555,    0.0148
  -0.0871,    0.4697,    0.8785
   0.1541,   -0.8609,    0.4849
   0.9844,    0.1762,   -0.0002
  -0.0853,    0.4773,    0.8746
   0.1763,   -0.8589,    0.4808
   0.9782,    0.2075,    0.0120
  -0.1100,    0.4682,    0.8768
   0.2031,   -0.8524,    0.4818
   0.9685,    0.2474,    0.0294
  -0.1443,    0.4606,    0.8758
   0.2406,   -0.8473,    0.4735
   0.9571,    0.2883,    0.0297
  -0.1617,    0.4460,    0.8803
   0.2822,   -0.8352,    0.4721
   0.9462,    0.3236,    0.0069
  -0.1585,    0.4447,    0.8815
   0.3218,   -0.8184,    0.4761
   0.9313,    0.3642,   -0.0034
  -0.1706,    0.4445,    0.8794
   0.3525,   -0.8030,    0.4806
   0.9190,    0.3939,   -0.0159
  -0.1765,    0.4473,    0.8768
   0.3840,   -0.7857,    0.4850
   0.9026,    0.4301,   -0.0178
  -0.1946,    0.4446,    0.8743
   0.4187,   -0.7710,    0.4798
   0.8834,    0.4682,   -0.0185
  -0.2104,    0.4316,    0.8772
   0.4512,   -0.7430,    0.4944
   0.8592,    0.5115,   -0.0155
  -0.2414,    0.4317,    0.8691
   0.4895,   -0.7213,    0.4900
   0.8289,    0.5593,   -0.0049
  -0.2705,    0.4086,    0.8717
   0.5224,   -0.6875,    0.5044
   0.8001,    0.5998,   -0.0112
  -0.2948,    0.4095,    0.8634
   0.5635,   -0.6668,    0.4876
   0.7652,    0.6437,   -0.0041
  -0.3112,    0.3754,    0.8731
   0.5964,   -0.6373,    0.4879
   0.7323,    0.6809,   -0.0057
  -0.3286,    0.3607,    0.8729
   0.6310,   -0.6115,    0.4773
   0.7012,    0.7128,   -0.0138
  -0.3318,    0.3434,    0.8786
   0.6637,   -0.5828,    0.4689
   0.6570,    0.7538,    0.0069
  -0.3575,    0.3034,    0.8832
   0.6763,   -0.5433,    0.4974
   0.6223,    0.7827,    0.0087
  -0.3941,    0.3037,    0.8675
   0.6968,   -0.5064,    0.5080
   0.5887,    0.8083,   -0.0018
  -0.4097,    0.3003,    0.8614
   0.7274,   -0.4734,    0.4967
   0.5459,    0.8378,   -0.0009
  -0.4157,    0.2719,    0.8679
   0.7503,   -0.4357,    0.4971
   0.5037,    0.8639,   -0.0030
  -0.4281,    0.2527,    0.8677
   0.7721,   -0.3982,    0.4952
   0.4655,    0.8849,   -0.0142
  -0.4326,    0.2415,    0.8686
   0.7926,   -0.3540,    0.4965
   0.4258,    0.9041,   -0.0351
  -0.4364,    0.2392,    0.8674
   0.8074,   -0.3022,    0.5067
   0.3803,    0.9232,   -0.0555
  -0.4510,    0.2375,    0.8603
   0.8304,   -0.2626,    0.4913
   0.3132,    0.9494,   -0.0220
  -0.4607,    0.1722,    0.8707
   0.8484,   -0.2147,    0.4839
   0.2564,    0.9663,   -0.0207
  -0.4632,    0.1417,    0.8749
   0.8591,   -0.1689,    0.4832
   0.2043,    0.9787,   -0.0211
  -0.4693,    0.1169,    0.8753
   0.8651,   -0.1279,    0.4850
   0.1633,    0.9861,   -0.0314
  -0.4743,    0.1063,    0.8739
   0.8697,   -0.0903,    0.4852
   0.1209,    0.9921,   -0.0322
  -0.4785,    0.0867,    0.8738
   0.8727,   -0.0528,    0.4854
   0.0800,    0.9962,   -0.0354
  -0.4817,    0.0697,    0.8736
   0.8745,   -0.0172,    0.4848
   0.0387,    0.9987,   -0.0344
  -0.4835,    0.0489,    0.8740
   0.8772,    0.0156,    0.4798
   0.0042,    0.9992,   -0.0401
  -0.4800,    0.0372,    0.8765
   0.8761,    0.0465,    0.4798
  -0.0309,    0.9987,   -0.0404
  -0.4811,    0.0206,    0.8764
   0.8765,    0.0783,    0.4750
  -0.0653,    0.9969,   -0.0439
  -0.4770,    0.0074,    0.8789
   0.8762,    0.1051,    0.4704
  -0.0940,    0.9945,   -0.0471
  -0.4727,   -0.0030,    0.8812
   0.8763,    0.1291,    0.4642
  -0.1200,    0.9915,   -0.0493
  -0.4666,   -0.0126,    0.8844
   0.8701,    0.1540,    0.4681
  -0.1482,    0.9877,   -0.0495
  -0.4700,   -0.0263,    0.8823
   0.8693,    0.1762,    0.4618
  -0.1724,    0.9837,   -0.0509
  -0.4633,   -0.0353,    0.8855
   0.8649,    0.2044,    0.4584
  -0.2028,    0.9778,   -0.0534
  -0.4591,   -0.0468,    0.8871
   0.8555,    0.2294,    0.4643
  -0.2317,    0.9713,   -0.0530
  -0.4632,   -0.0623,    0.8841
   0.8478,    0.2556,    0.4647
  -0.2625,    0.9636,   -0.0513
  -0.4609,   -0.0785,    0.8840
   0.8406,    0.2787,    0.4644
  -0.2915,    0.9555,   -0.0458
  -0.4565,   -0.0969,    0.8844
   0.8386,    0.3103,    0.4477
  -0.3215,    0.9454,   -0.0530
  -0.4397,   -0.0995,    0.8926
   0.8257,    0.3453,    0.4461
  -0.3589,    0.9316,   -0.0568
  -0.4352,   -0.1132,    0.8932
   0.8182,    0.3813,    0.4302
  -0.3968,    0.9161,   -0.0574
  -0.4160,   -0.1237,    0.9009
   0.8005,    0.4195,    0.4280
  -0.4406,    0.8961,   -0.0542
  -0.4063,   -0.1452,    0.9021
   0.7780,    0.4598,    0.4281
  -0.4922,    0.8696,   -0.0395
  -0.3905,   -0.1800,    0.9029
   0.7460,    0.5120,    0.4259
  -0.5530,    0.8325,   -0.0321
  -0.3710,   -0.2116,    0.9042
   0.7140,    0.5605,    0.4195
  -0.6065,    0.7946,   -0.0293
  -0.3497,   -0.2335,    0.9073
   0.6749,    0.6063,    0.4205
  -0.6561,    0.7539,   -0.0341
  -0.3377,   -0.2529,    0.9066
   0.6304,    0.6514,    0.4222
  -0.7021,    0.7105,   -0.0480
  -0.3312,   -0.2662,    0.9052
   0.5881,    0.6909,    0.4206
  -0.7451,    0.6650,   -0.0506
  -0.3146,   -0.2836,    0.9059
   0.5412,    0.7289,    0.4194
  -0.7870,    0.6147,   -0.0527
  -0.2962,   -0.3016,    0.9063
   0.4949,    0.7625,    0.4166
  -0.8237,    0.5644,   -0.0545
  -0.2767,   -0.3162,    0.9074
   0.4564,    0.7922,    0.4051
  -0.8538,    0.5180,   -0.0512
  -0.2505,   -0.3225,    0.9128
   0.4123,    0.8092,    0.4186
  -0.8821,    0.4694,   -0.0385
  -0.2276,   -0.3533,    0.9074
   0.3726,    0.8240,    0.4268
  -0.8984,    0.4355,   -0.0566
  -0.2325,   -0.3624,    0.9026
   0.3418,    0.8360,    0.4293
  -0.9124,    0.4046,   -0.0613
  -0.2249,   -0.3708,    0.9011
   0.3156,    0.8489,    0.4239
  -0.9240,    0.3765,   -0.0661
  -0.2157,   -0.3709,    0.9033
   0.2882,    0.8631,    0.4148
  -0.9372,    0.3431,   -0.0627
  -0.1964,   -0.3706,    0.9078
   0.2701,    0.8710,    0.4103
  -0.9461,    0.3192,   -0.0547
  -0.1787,   -0.3734,    0.9103
   0.2505,    0.8779,    0.4080
  -0.9535,    0.2968,   -0.0531
  -0.1677,   -0.3757,    0.9114
   0.2382,    0.8828,    0.4048
  -0.9579,    0.2823,   -0.0519
  -0.1601,   -0.3754,    0.9129
   0.2234,    0.8893,    0.3990
  -0.9621,    0.2669,   -0.0563
  -0.1565,   -0.3713,    0.9152
   0.2033,    0.8979,    0.3906
  -0.9684,    0.2433,   -0.0553
  -0.1447,   -0.3670,    0.9189
   0.1836,    0.9009,    0.3932
  -0.9738,    0.2212,   -0.0522
  -0.1340,   -0.3733,    0.9180
   0.1639,    0.9084,    0.3846
  -0.9790,    0.1977,   -0.0499
  -0.1214,   -0.3684,    0.9217
   0.1472,    0.9118,    0.3833
  -0.9826,    0.1793,   -0.0493
  -0.1137,   -0.3694,    0.9223
   0.1301,    0.9121,    0.3887
  -0.9860,    0.1602,   -0.0459
  -0.1041,   -0.3773,    0.9202
   0.1186,    0.9156,    0.3842
  -0.9881,    0.1470,   -0.0452
  -0.0978,   -0.3742,    0.9222
   0.1029,    0.9177,    0.3838
  -0.9900,    0.1319,   -0.0499
  -0.0964,   -0.3748,    0.9221
   0.0843,    0.9216,    0.3789
  -0.9924,    0.1118,   -0.0509
  -0.0893,   -0.3718,    0.9240
   0.0584,    0.9248,    0.3759
  -0.9950,    0.0847,   -0.0537
  -0.0815,   -0.3708,    0.9251
   0.0384,    0.9246,    0.3790
  -0.9972,    0.0597,   -0.0446
  -0.0639,   -0.3763,    0.9243
   0.0148,    0.9261,    0.3771
  -0.9986,    0.0330,   -0.0420
  -0.0513,   -0.3759,    0.9252
  -0.0012,    0.9272,    0.3746
  -0.9988,    0.0175,   -0.0465
  -0.0496,   -0.3742,    0.9260
  -0.0127,    0.9274,    0.3740
  -0.9988,    0.0058,   -0.0484
  -0.0470,   -0.3741,    0.9262
  -0.0236,    0.9282,    0.3713
  -0.9991,   -0.0085,   -0.0420
  -0.0359,   -0.3719,    0.9276
  -0.0388,    0.9280,    0.3706
  -0.9990,   -0.0278,   -0.0351
  -0.0222,   -0.3716,    0.9281
  -0.0594,    0.9270,    0.3704
  -0.9982,   -0.0532,   -0.0269
  -0.0053,   -0.3714,    0.9285
  -0.0816,    0.9239,    0.3738
  -0.9963,   -0.0851,   -0.0072
   0.0252,   -0.3730,    0.9275
  -0.1056,    0.9227,    0.3707
  -0.9930,   -0.1174,    0.0095
   0.0523,   -0.3672,    0.9287
  -0.1281,    0.9203,    0.3696
  -0.9905,   -0.1374,   -0.0013
   0.0496,   -0.3663,    0.9292
  -0.1455,    0.9238,    0.3542
  -0.9890,   -0.1459,   -0.0257
   0.0280,   -0.3540,    0.9348
  -0.1569,    0.9205,    0.3578
  -0.9872,   -0.1560,   -0.0318
   0.0266,   -0.3582,    0.9333
  -0.1624,    0.9165,    0.3655
  -0.9862,   -0.1628,   -0.0298
   0.0322,   -0.3653,    0.9303
  -0.1697,    0.9148,    0.3665
  -0.9848,   -0.1710,   -0.0292
   0.0359,   -0.3659,    0.9300
  -0.1743,    0.9159,    0.3616
  -0.9842,   -0.1736,   -0.0346
   0.0311,   -0.3619,    0.9317
  -0.1779,    0.9156,    0.3605
  -0.9834,   -0.1786,   -0.0318
   0.0353,   -0.3602,    0.9322
  -0.1819,    0.9163,    0.3568
  -0.9826,   -0.1834,   -0.0300
   0.0380,   -0.3561,    0.9337
  -0.1855,    0.9149,    0.3584
  -0.9818,   -0.1875,   -0.0296
   0.0401,   -0.3574,    0.9331
  -0.1853,    0.9151,    0.3582
  -0.9820,   -0.1864,   -0.0317
   0.0378,   -0.3576,    0.9331
  -0.1812,    0.9155,    0.3593
  -0.9829,   -0.1812,   -0.0340
   0.0340,   -0.3593,    0.9326
  -0.1780,    0.9152,    0.3615
  -0.9834,   -0.1786,   -0.0321
   0.0352,   -0.3612,    0.9318
  -0.1766,    0.9187,    0.3534
  -0.9839,   -0.1743,   -0.0385
   0.0262,   -0.3545,    0.9347
  -0.1646,    0.9218,    0.3511
  -0.9863,   -0.1572,   -0.0495
   0.0096,   -0.3544,    0.9350
  -0.1402,    0.9218,    0.3613
  -0.9900,   -0.1372,   -0.0342
   0.0180,   -0.3625,    0.9318
  -0.1045,    0.9256,    0.3638
  -0.9944,   -0.1036,   -0.0220
   0.0173,   -0.3641,    0.9312
  -0.0706,    0.9297,    0.3614
  -0.9974,   -0.0696,   -0.0159
   0.0103,   -0.3616,    0.9323
  -0.0369,    0.9311,    0.3630
  -0.9993,   -0.0359,   -0.0096
   0.0041,   -0.3631,    0.9317
  -0.0042,    0.9506,    0.3103
  -0.9975,    0.0179,   -0.0683
  -0.0705,   -0.3098,    0.9482
   0.0288,    0.9441,    0.3283
  -0.9967,    0.0522,   -0.0627
  -0.0764,   -0.3254,    0.9425
   0.0692,    0.9386,    0.3381
  -0.9935,    0.0956,   -0.0619
  -0.0904,   -0.3316,    0.9391
   0.1179,    0.9275,    0.3546
  -0.9865,    0.1504,   -0.0653
  -0.1139,   -0.3421,    0.9327
   0.1675,    0.9166,    0.3631
  -0.9759,    0.2065,   -0.0709
  -0.1400,   -0.3424,    0.9291
   0.2212,    0.9035,    0.3670
  -0.9630,    0.2618,   -0.0642
  -0.1541,   -0.3392,    0.9280
   0.2668,    0.8901,    0.3696
  -0.9484,    0.3107,   -0.0636
  -0.1714,   -0.3336,    0.9270
   0.3043,    0.8763,    0.3736
  -0.9335,    0.3523,   -0.0660
  -0.1894,   -0.3287,    0.9252
   0.3421,    0.8620,    0.3741
  -0.9163,    0.3943,   -0.0704
  -0.2082,   -0.3187,    0.9247
   0.3768,    0.8485,    0.3715
  -0.9024,    0.4268,   -0.0596
  -0.2092,   -0.3128,    0.9265
   0.4055,    0.8333,    0.3757
  -0.8874,    0.4575,   -0.0571
  -0.2194,   -0.3102,    0.9250
   0.4368,    0.8163,    0.3780
  -0.8667,    0.4944,   -0.0660
  -0.2408,   -0.2988,    0.9234
   0.4663,    0.7967,    0.3845
  -0.8437,    0.5312,   -0.0775
  -0.2659,   -0.2883,    0.9199
   0.4927,    0.7770,    0.3918
  -0.8186,    0.5666,   -0.0941
  -0.2952,   -0.2744,    0.9152
   0.5222,    0.7578,    0.3911
  -0.7984,    0.5956,   -0.0880
  -0.2996,   -0.2664,    0.9161
   0.5455,    0.7398,    0.3939
  -0.7810,    0.6192,   -0.0813
  -0.3040,   -0.2633,    0.9156
   0.5675,    0.7230,    0.3939
  -0.7641,    0.6407,   -0.0750
  -0.3066,   -0.2584,    0.9161
   0.5922,    0.7033,    0.3933
  -0.7412,    0.6669,   -0.0765
  -0.3161,   -0.2462,    0.9162
   0.6126,    0.6779,    0.4064
  -0.7165,    0.6934,   -0.0765
  -0.3336,   -0.2443,    0.9105
   0.6390,    0.6598,    0.3955
  -0.6972,    0.7140,   -0.0646
  -0.3250,   -0.2344,    0.9162
   0.6664,    0.6393,    0.3836
  -0.6719,    0.7380,   -0.0627
  -0.3232,   -0.2159,    0.9214
   0.6912,    0.6127,    0.3832
  -0.6410,    0.7646,   -0.0663
  -0.3336,   -0.1998,    0.9213
   0.7160,    0.5780,    0.3916
  -0.6023,    0.7950,   -0.0721
  -0.3530,   -0.1842,    0.9173
   0.7390,    0.5384,    0.4050
  -0.5631,    0.8236,   -0.0675
  -0.3700,   -0.1782,    0.9118
   0.7602,    0.5009,    0.4137
  -0.5293,    0.8468,   -0.0526
  -0.3767,   -0.1790,    0.9089
   0.7706,    0.4692,    0.4313
  -0.4988,    0.8653,   -0.0502
  -0.3968,   -0.1764,    0.9008
   0.7878,    0.4490,    0.4217
  -0.4732,    0.8794,   -0.0524
  -0.3944,   -0.1583,    0.9052
   0.8044,    0.4210,    0.4192
  -0.4409,    0.8960,   -0.0539
  -0.3983,   -0.1415,    0.9063
   0.8201,    0.3978,    0.4114
  -0.4156,    0.9082,   -0.0497
  -0.3934,   -0.1302,    0.9101
   0.8320,    0.3648,    0.4179
  -0.3800,    0.9237,   -0.0496
  -0.4041,   -0.1175,    0.9071
   0.8416,    0.3310,    0.4268
  -0.3383,    0.9390,   -0.0610
  -0.4210,   -0.0930,    0.9023
   0.8522,    0.2937,    0.4330
  -0.2917,    0.9537,   -0.0727
  -0.4343,   -0.0644,    0.8984
   0.8577,    0.2561,    0.4457
  -0.2513,    0.9653,   -0.0712
  -0.4485,   -0.0509,    0.8923
   0.8649,    0.2212,    0.4506
  -0.2104,    0.9748,   -0.0746
  -0.4558,   -0.0303,    0.8896
   0.8709,    0.1859,    0.4550
  -0.1708,    0.9825,   -0.0744
  -0.4609,   -0.0129,    0.8874
   0.8727,    0.1473,    0.4655
  -0.1269,    0.9891,   -0.0750
  -0.4715,    0.0064,    0.8819
   0.8803,    0.1087,    0.4618
  -0.0816,    0.9936,   -0.0782
  -0.4673,    0.0312,    0.8836
   0.8883,    0.0595,    0.4554
  -0.0205,    0.9957,   -0.0901
  -0.4588,    0.0707,    0.8857
   0.8924,   -0.0013,    0.4513
   0.0454,    0.9952,   -0.0870
  -0.4490,    0.0981,    0.8881
   0.8880,   -0.0660,    0.4551
   0.1139,    0.9904,   -0.0787
